63
8
12
12
14
14
53
53
20
20
52
66
66
12
66 66
34
34
66
55
48
48
44
44
44
48
48
48
12
12
66
68 5
69
9
9
0
0
20
20
20
45
45
66
26
26
57
0 58
53
28
66 66
66 66
12
12
69
69 66
69 66
49 35
49 35
66
50
64
66 23
66 66
7
66 66 66
66 66 66
4
4
47
47
66
32
12
12
37 40
37 40
66 66
66 66
54
54
54
64
20
69 66
69 66
66
66
8
8
20
66 66
66 66
42
42
42
67
67
67
70
70
37
37
69
69
45 66
45 66
12
67
66
66
14
14
40
0
23
46
46
13
13
13
6
69 66
45
45
69
26
26
49
19
10
10
34
34
34
34
69
42
2
11
70
70
70
32
66
66
0
0
0
39 45
66 66
66 66
66 66
2
68
68
69
69
58
58
41
41
41
66 66
66 66
31
48
42
42
42
20
20
36
36
51
51
13
13
11
11
66 66
66 66
44 60
59
59
8
8
11
14
14
31
31
45
66
66
55
20
20
16
16
9
9
2
2
53
53
53
7
38
33
69
69
48
58
66
41
45
45
66 66
28
42
17
54
54
19
19
66 66
64
64
13
13
35 35
35 35
35 35
24 66
24 66
43
14
19
19
36
36
62
62
62
18
25
20
20
19
45
45
66
55
55
25
66
38
38
38
9
9
53
53
20
20
20
7
7
10
28
28
13
67
67
66
66
69
47
47
61 39
24
35
35
35
66 60
66 60
17
69
69
58
58
5
5
5
69
6
45
45
66
67
55
55
61
4
4
0
28
66
48
64
64
64
68
68
68
66 66
57
49
49
66
11
52
46
30
21
21
21
21
21
37
7 7
69
69
8
8
69
69
6
0
10
10
14
14
47
54
31
31
66
66
26
26
62
62
35
35
20
52
52
40
69 69
69 69
4
54
54
10 34
10 34
38
38
35
69
69
69
20
60
60
48
54
54
13
13
61
66
32
32
32
62
62
62
19
19
34
43
66 66
11
71
71
55
55
40
40
26
45
45
29
29
69 69
69 69
69 69
66 66 66
19 67
19 67
19 67
50
62
62
20
42
10
10
66
35
35
42
42
66
20
20
46
9
9
9
62
62
16
70
14
14
66
69 69
69 69
69 69
39 39
39 39
24
10
12
12
67
67
67
12
12
17 17
12
12
12
29
29
32
32
11
11
11
52
52
43
43
43
7 7
34
34
44
44
44
16
16
16
13
57
57
70
70
36
36
66
34
34
34
10
10
45
45
45
13
13
13
6
69 66
66
66
56
56
38
37
37
37
37
37
19
19
38
38
49
49
17
0
0
7
7
7
68
68
44
44
44
65
65
35
35
53
53
6
6
2
43
43
66
66
66
66
57
38
38
41
41
45
45
18
18
10
10
8
59
59
59
18
52
52
7
66 66
66 66
21 18
8
8
8
50
50
66
66
13
13
39
69
56
56
57
57
13
47
47
1
36 69
36 69
36
36
11
3
44
37
37
63
63
2
2
55
55
32
32
35
69
69
50
50
69
56 9
56 9
12
34
34
29
34
34
69
69
69
66
66
66
38
38
47
69
20
61 16
69
69
69
17
66 66
66 66
19
19
11
22
66
0
0
0
62
62
35
35
29
29
35
35
35
70
70
18
18
64
64
71
16
37
41
41
66
66
66
5
5
17 17
17 17
40
40
40
47
53
53
67
67
66
66
26
61
25
25
25
39
70
26
9
8
8
8
70
70
19
19
66
66
57
34
34
24
46
33
49
49
49
44
44
53
64
34
34
43
31
31
33
48
48
48
16
16
69
69
16
16
40
40
40
13
13
53
66
2
5
15
15
66
66
6
6
51
51
51
56
19 43
69 66
13
13
13
43
69
12
12
62
62
57
57
53
53
37
66
25
38
38
38
59
66
52
52
66 66
70
40
23
23
8
8
24
24
20
30
30
39
39
54
66 66
8
8
43
43
14
14
43
55
2
71
6
23
23
2 20
24 4 23
24 4 23
29
29
50
50
20
45
49 49
23
66
66 66
35 35
33
33
33
11
11
41 41 5
41 41 5
41 41 5
66 66
66
25
25
25
66 66
66 66
12
12
34
34
12
12
12
66 66
66 66
55
55
55
26
26
26
66
66
66
67
67
5
5
34
34
30
30
42
66
13
13
34
66 66
13
13
13
32
9
9
10
10
34
31
31
33
43
56
56
56
69
69
69
26
26
26
31
31
6
52
52
26
26
20
20
66
66
47
69
44
24
24
0
0
0
71
71
71
57
66
9
62
35
35
50
55
55
17
69 69
69 69
66
66
66
66
66
32
32
43
32
69
69
69
19
19
14
69
25
25
25
25
25
25
43
54
54
34
34
49 49
49 49
49 49
34
34
34
66
66
24
56
56
66 66
66 66
40
40
42
66
19
19
20
20
20
20
20
55
55
50
40
57
5
5
5
66
69
69
69
15
15
23
23
23
18
18
50
50
30 28
17 17
17 17
17 17
17
48
48
65
24
47
47
54
69
69
17
17
60
60
66
11
44
44
58 33
50
45
39
39
54
54
50
50
50
24 66
27
27
24
24
37
37
66 66
20
10
64
64
66 66
66 66
62
25
7
7
16
51
69
69
46
46
20
2
2
19
19
41
41
35
35
5
44 5
44 5
44 5
57
57
57
46
36
36
29
29
29
27
66 66
66 66
66 66
59
59
51
69
69
69
37
37
59
59
59
66
66
32
32
19
2
54
54
20
20
20
20
20
20
52
20
20
52
52
8
8
66
66
57
42
42
5
4
4
66
66
66
54
54
18
14
14
29
20
68 5
68 5
68 5
52
52
34
34
20
20
20
44
44
42
66
66
69
35
35
7
7
67
67
67
57
19
19
19
20 67
54
20
33 20
67
0
20
41
41
66 66
69
69
69
2
28
28
28
34
34
18
8
8
67
67
54 6
17
17
40
38
64
64
66
66
66
19
19
6
26
13
13
6
1
66
11
1
1
48
48
66
66
70
45
42
66
43
43
37
56
54
54
26
26
21
0
13
62
62
20
20
20
66
15
15
35
69
69
58 58
66
66
20
20
0 66
0 66
52
52
19
64
64
63
66 69 66
66 69 66
56
56
56
20
22
22
11
46
46
36
36
12
12
55
55
55
17
17
6
47
69
69
69
64
64
66
23
23
34
19
16
16
22
22
70
0
0
68
66 66
9
66
9
9
66
2
32
32
32
16
16
59
59
8
8
8
55
55
22
22
66
66
66 66
2
20
20
20
20
46
62
66
66
66
38
38
38
66
50
24
24
24
56
66
66
66
20
20
69
69
52
52
52
49
49
66 66
66 66
63
51
51
41
41
12
12
32
61
42
63
66
63
69
21
66
67
67
1
45
29
66 66
27
27
46
66
66
66
14
14
6
6
6
53
53
42
42
57
64
64
2
31
31
64
64
32
48
26
26
44
56
56
11
11
39
66 66
66 66
12
12
12
26
69 66
69 66
69 66
69
27
27
27
70
70
66
8
8
8
37
37
71
11
11
29
29
29
56
14
10
10
20
20
20
8
68
68
36
36
66
66
66
71
71
69
45
45
48
45
33
33
21
2
2
34
34
34
23
23
69
57
57
50
9
9
9
21
63
48
48
67 66
67 66
12
26
6
6
64
64
42
42
49
49
56
56
56
18
10
59
59
58
41
16
49
49
0
0
70
1
1
1
20
20
42 42
42 42
38
38
9
4
58
66
7
45
45
59
59
47
66
66
10
69 69
32
62
62
41
32
32
32
66 5
70
25
25
53
19
19
52
66 66
57
51
66 66
45
45
67
67
67
67
59
66
20
41
41
35 35
35 35
68
68
38
38
38
35
35
69
4 23
10
66 66
66 66
16 19
5
5
9
9
9
4
4
4
63
63
43
43
6
0
24
24
62
62
62
50
69
69
69
64
64
60
60
19
19
69
69
69
32
13
13
18
11
66
35 35
35 35
32
37
37
37
37
37
37
0 66 66
0 66 66
66
66
66
32
32
61
61
71
71
14
14
21
21
4
4
4
23
42
42
42
29
56
56
66
66
66
59
59
59
67
67
67
66
66
66
69
63
58
58
50
10
20
20
47
47
69
69
64
64
12
12
43
43
22
22
36
36
32
32
8
8
26
26
69
69
69
69
69
24
34
31
31
66
66
20
20
63
69
66 66
20
20
68
68
21
21
59
59
59
66
66
27
27
27
33
20
34
34
34
37
52
2
23
31
1
20
6 69
6 69
4
66 66
45
29
29
50
66 66
62
62
66
66
66 66
66 66
66 66
66 66
69
71 5
66
66
32
32
32
12
12
13
13
5 66 28
66
35 35
35 35
43
43
28
28
69
69
69
24
40
52
52
52
66 66
19
19
11
11
54
20
20
20
44
65
65
65
10
10
39
21
21
19
19
19
15
15
63
44
40
33
52
52
52
58
58
10
10
10
41 44
37
37
64
48
48
20
49
49
41
41
48
48
23
23
44
44
39
39
47
47
48
48
48
45
45
45
45
45
45
66 4 23
22
22
33
66
66
37
37
2
66
66
69
9
9
70
70
0
0
22
22
40
40
38
38
20
20
20
6
6
6
66
52
56
56
43
21
2
2
37
37
41
69
69
43
43
66
66
19
19
14
14
60
60
60
66
66
48
66
13
13
50
20
43
43
43
0
0
46
66
66
66 66
43
43
4
4
4
4
1
1
66
31
40
40
40
15
15
15
48
55
23
23
49
60
60
20
29
64
64
64
13
10
10
13
13
14
14
14
66
66
66
21
21
11
11
11
11
66
20
5
5
5
42
42
56
56
8
23
23
66
66
67
67
12
10
10
10
39
39
46 33
46 33
4
66 66
21
21
48
64
20
20
13
13
13
66 66
66 66
44
66
66
66
14
14
7
39
62
66
32
32
10
10
62
18
28
22
22
46
46
13
69
56
56
14
14
38
38
2 15
52
39
39
60
60
20
20
2
62
62
62
13
13
13
66
66
57
30
66 66
66 66
16
30
30
30
54
54
58
70
66 66
66 66
66
71
31
31
66 20
38
38
38
31
31
31
22
62
26
26
20
20
71
71
13
13
59
45
45
32
32
32
19
11
11
11
65
30 28
30 28
66
1
1
1
66
66
2
2
64
66 66 69
66 66 69
59
59
25
25
11
11
58
58
10
58
58
32
5
2
2
66 66
66 66
46
46
37
37
37
24
69 66
25
25
66
66
58
6
5
5
41 5
69
66 66
66 66
44
20
20
13
13
34
34
66
19
60
60
46
48
57
57
69
69
52
52
69
49
49
49
66
66
64
66
26
54
19
19
57
57
50
17 41
14
14
14
35
43 67
43 67
66 66
66 66
66 66
61 39
61 39
61 39
8
8
5
33
5
44
44
44
66
1
1
58
47
47
33
69 69
69 69
34
34
32
29
29
29
29
29
68
68
64
64
62
62
47
44
44
55
55
55
36
36
20
20
55
55
69
69
55
55
69 69
69 69
20
20
55
55
66
66
67
67
61
61
39
39
69
69
69
20
53
53
53
9
9
64
64
39
39
68
68
33
33
33
39
39
31
31
68
49
66 20
66 66
66 66
31
45
45
66 66
66 66
6
6
6
68
68
56
53
69 69
69 69
70
66
66
66
69 69
69 69
2
57
6
6
66 66
69
27
27
69
38
38
19
63
63
52
52
6
6
58
8
66
66
69
69
32
32
61
70
19
19
19
10
10
64
64
67
67
21 18
13
1
1
36
36
36
27
35
36
36
36
2
2
18
18
61
61
29
29
49
35 35
35 35
35
56
56
56
37
67
67
35
35
69 69
52
20
20
30
20
20
38
28
38
38
67
67
38
38
25
32
32
6
31
31
63
20
20
54
2
19
19
19
4
6
69
69
12
12
36 61
43
43
0
50
50
50
66 66
66 66
42
42
42
17
66 66
69 69
69 69
59
1
69 69 66
69 69 66
61
69 69 20
69 69 20
18
18
11
11
11
20
66
35 35
35 35
19
19
19
69
29
29
53
53
21
21
50
50
49
49
49
12
12
34
27
27
27
8
8
62
41 44 5
60
60
38
38
10
10
10
12
12
66
66
66
61
11
11
38
30 5
69
69
29 29
29 29
38
38
57
61
61
58
19
19
19
24
24
10
10
53
53
19
19
57
57
62
62
5
5
5
40
8
8
29
29
59 66
59 66
27
27
47
69
69
26
66
66
32
32
0
0
0
44
44
24
54
40
40
66
66
62
48 41 41
48 41 41
38
38
41 4
41 4
56
56
21
54
54
54
16
16
35
12
12
32
32
66 66
9
66 66
66 66
66
66
34
46
40
7
71
71
38
38
10
6
42
42
48
48
30
30
64
69
69
66 66
66 66
26
32
19
19
62
62
30 5
30 5
41
41
38
38
38
30 5
30 5
18
18
7
66
20
20
69
69
51
51
66
18
18
18
51 23
51 23
40
10
10
57
69
69
11
55
7
7
50
1
1
61 66
61 66
52
52
20
69
69
68
68
11
69 69
49
49
50
50
66
66
57
57
44
20
32
71 33 24 22
35
35
35
61
61
68 5
23
23
2
2
2
43
43
20
20
55
55
10
27
27
23
14
14
31
31
31
71
28
17 6
16
16
44
44
13
68
68
65
65
69
69
66 66
66 66
51
6
6
43
43
42
42
63
63
2
67
67
61
14
14
14
49
49
49
66
61
32
48
48
66 66 66
27
20
4
4
58
70
14
14
39
39
69
69
34
34
66
20
20
20
29
18
21
59
59
57
66
66
63
48
48
13
42
42
42
4
4
66
66
8
8
60
60
11
24
18
25
25
61
61
66 66
66 66
20
30
34
34
37
37
26
34
32
32
11
11
11
26
20
20
37
37
37
55
55
43
61 66
42
42
69
69
69
2
2
63
63
66
66
66
20
48
32
32
10
10
10
19
19
24
54
66
66
5
5
66
52
41
69
69
37
39
9
41
41
66
66
66
14
14
69 66
69 66
66
66
66
9
9
66
68
68
68
49
49
61
40
58
58
58
58
23
23
23
30
37
37
6
6
6
69
69
30 5
20
60
60
69
49 49
49 49
27
17
5
13
66
66
66
66
42
42
42
42
10
10
20
20
49
49
49
26 62
26 62
33
33
30 5
30 5
61
61
71
71
13
30
48
66 66
66 66
71
52 66
52 66
38 66
38 66
66 66
20
38
54
67 20
67 20
67
67
69 69
69 69
16
16
58
58
64
24
23
14
14
49
49
27
27
43 20
66
66
66
70
51
51
66
66
66
66
8
8
20
20
20
66
66
53
53
53
63
39
64
26
26
26
44
41
14
14
14
14
32
53
51 23
66 66
66 66
35
34
34
8
8
34
34
34
50
50
50
66 66
66 66
41
41
43
43
23
23
41
41
66
20 43
20 43
50
55
55
69
69
31
68
10
10
66
66
8
8
20
20
66
66
62
66 66
37
69
64
71
12
49
71
71
35
66
29
66
2
66 20
58
58
58
48 6
48 6
64
26
49
69
69
6
66
14
14
68
38
38
64
1
18
61
61
61
24
35
35
64
62
31
16
33
33
34
34
5
19
36
36
36
45
45
44
44
32
48
48
2
57
57
3
49
49
49
49
26
26
26
8
50
7
7
5
44
44
44
3
3
3
8
8
8
63
63
10
10
62
71
28
27
27
60
50
50
60
60
60
20
58
58
50
50
50
12
12
12
25
45
45
66 66
11
10
10
39 7
39 7
6
49
49
66 66
43
43
69
31
31
25
25
25
14
14
43 20
54 39
33
33
33
41
41
17
17
34
34
66 66
66 66
64
45
50
4
4
20
20
52
52
51
51
48
48
20
20
69
69
13
20
20
20
20
68
68
12
12
66
66
54
11
11
12
12
37
37
66 66
66 66
11
11
63
63
63
48
47
47
20
20
49
49
62
27
40
40
69 66
69 66
66
49
49
49
47
47
66
32
44
68
42
42
42
56
2
2
37
37
59
59
69
39
39
39
13
44
44
66
66
50
50
53
53
9
9
56
8
66
66
50
50
18
18
18
17
17
27
27
56
56
8
8
49
49
21
58
58
69 69
69 69
49
18
4
21
21
17
17
17
66 9 66
48
48
48
63
34
66
66
67
67
67
20
20
27
9
9
33
52
52
66 66
36
60
60
27
27
2
2
2
63
63
63
69
69
36
20
69
69
48
48
17
17
50
12
12
11
11
2
69
69
4
14
14
43
44
1
66
52
66
66
69
29
29
29
17
44
44
20
35
35
26
66 66
66 66
52
52
20
20
13 44
13 44
69
61
61
61
38
38
14
71 2
47
47
47
66
66
66
55
34
4
4
57
56
68
68
66
62
62
62
49
49
49
49
31
31
67
14
14
69
69
66
20
49
48
48
43
43
66 66
24
24
53
53
53
53
44
44
22 28
16
16
16
52
52
1
39
39
52
52
11
11
42
42
28
66
66
6
27
27
56
56
56
21
21
64
48
48
47
66
9
9
9
9
33
33
39
8
8
69 69
69 69
12
12
30 5
66
66
0
66 66
56
56
18
18
66
66
25
25
14
14
19
19
9
9
1
54
54
47
38
38
38
27
27
69
47
47
43
44
44
68 5
68 5
68 5
0 66
0 66
47
47
41 48 41
41 48 41
27
27
27
4
4
45
45
45
20
30 5
66
42
42
42
38
38
28
52 0
16
66 66
66 66
34
34
46
46
69
28
9
50
50
44
20
20
56
56
56
18
18
20
20
40
40
56
56
69 69
69 69
56
56
63
63
63
66 66
66 66
35
35
69
67
67
68
68
16
11
66
66
69
69
26
26
67
67
66
13
13
37
37
37
44
25
25
24
53
20
47
47
38
38
66
66
14
17
13
13
66
66
56
56
56
69
69
69
66
66
46
46
57
57
69
69
69
27
27
52 20
52 20
66
66
61
27
66
71
71
19
19
59
24
24
24
66
22
22
22
46
46
55
48
48
56
56
53
53
9
57
31
31
27
27
6
41 5
29
1
49
49
62
62
21
45
19
19
18
51 23
66
66
66
22
66 66
66 66
49
49
2
2
20
14
49
49
49
49 49
49 49
45
45
35
40
40
70
70
19
19
19
56
56
71
71
2
2
2
2
45
51
2
2
10
29
29
51
69 66
69 66
48
48
69
69
17
69
71
47
47
24
24
20
45
39
35 35
35 35
37
37
50
69
69
17
24
4
17
17
25
25
2
66
66
46
10
10
10
10
10
57
48 5
48 5
48 5
23
11
36
36
36
36
57
18
12
12
69
69
56
56
68
68
47
64
66
66
31
66
38
38
69
69
69
3
3
3
20
20
8
8
41
41
20
20
67
67
4
69 69
69 69
14
14
38
56
41
41
66
66
66
69 69
30 30
30 30
30 30
8
69
29
29
11
54
54
17
1
1
11
66 66
37
37
21 18
21 18
4
4
67
67
31
31
31
60
60
60
54
54
63
63
66 66
66 66
19
20
38
38
38
33
33
59
13
4
4
20
20
69
69
36
42
29
29
8
8
8
8
49 49
49 49
38 20
21
21
38
34
34
42
42
28
28
20
20
69 66
69 66
1
1
66 66
5
66
66
27
27
39
66 66
66 66
22
40
40
66
66
66
19 20
39
66
66
17
17
33
54
54
54
43
58 66 23
49
49
12
66 66
66 66
66 66 65
66 66 65
8
53
53
47
47
18
10
66
66
66
6
6
29
29
29
20
55
55
56
37
69
31
31
38
38
18
18
48
48
17
17
69
45
45
45
61
61
40
17
67
67
26
26
63
63
5
66 69 66
49
8
8
39
39
39
69 58 69 58
33
33
66 66
66 66
66 66 66
20
20
7
7
44
44
71
71
4 13
4 13
51
51
51
64
70
18
34
34
34
18
69 69
58
6
6
25
7 7
7 7
31
31
36
36
66
66
52
52
58
66 66
66 66
43
43
39
20
20
66
66
26
26
70
69
64
64
53
48
48
4
57
20
20
64
64
47
47
69
69
56
27
27
20
20
9
9
70
70
66
64
57
12
12
12
55
69
69
69
66
62
57
66
66
55
69 69
69 69
69 69
20
20
31
31
60
37
37
4
4
13
22
22
22
66
66
25
67
67
67
59
59
66
66
36
33
56
56
6
6
55
55
27
1
68
68
49
66 66
31
31
31
65
48
48
24
24
47
12
12
52
52
69 66
20
20
69
66 66
11
66
66
47
47
24 31
33
33
66 20
66 20
66 20
2
12
12
68
68
68
46
46
69 69
69 69
69 69
53
53
20 20
20 20
16
16
16
52
28
12
12
6
6
11
20
20
63
12
66 66
69
69
66 66
66 66
66 66
34
34
38
38
66 66
66 66
66 66
66 66
6
6
6
66
29
9
9
69
69
25
25
25
32
32
29
29
55
39
39
39
7
20
20
1
1
49
49
20
38
38
44
44
10
34
34
34
66
66
37
8 20
20
20
66 66
66
20
69
69
69
66
19
52
52
49
49
4
4
1
8
8
8
5
5
10
27
27
43
57
66
66
66
69
64
64
22
22
50
20
20
6
6
66 66
20
20
46
46
66 66 23
66 66 23
16 66 66
66
66
10
10
10
37
37
37
28
67
67
13
29
66 66
66 66
66 66
66 66
66 66
57
57
57
13
13
68
38
38
27
10
10
30
69
69
42
69
36
36
9
34
34
35
35
35
64
56
66
66
66
20
5
32
32
26
26
26
20
63
66
66
0
69
69
12
12
12
27
27
47
9
44
46
46
66
69 69
69 69
69 69
66
66
49
61
61
66
56
0 66
49
0
66
66
48
48
48
66
66
18
18
66 66
66 66
66 66
38
38
22
11
66 66
66 66
30
30
32
69
69
22
22
4
4
58
67
67
68
56
66
66
66
0 66
0 66
31
31
69
69
64
64
39
39
4
31
31
20
20
8
8
42
42
69
63
13
36
36
69
66
66
38
47
47
54
54
55
55
67 20
67 20
14
14
12
2
2
69 69
69 69
26
57
57
5 28
9
41 41
8
69
53
53
53
13
13
70
48
48
12
12
55
55
37
37
46
24
50
14
14
35
35
28
28
69
69
69
70
70
43
4
4
26
20
34
20
20
68 61
68 61
51
66 66
41
51
51
50
50
48
48
55
16
56
56
13
66 66
66 66
31
35
35
46
46
18
18
10
6
47
47
40
66
66
38
42
38
38
6
21
69 69
69 69
69 69
42
42
71 59
71 59
7
7
10
10
37
37
0
0
66
66
69
14
14
14
4
4
56
56
54
54
61
61
20
20
66
49
49
57
26
32
32
17 17
17 17
6
6
33
33
69
69
41 41
41 41
26
45
45
26
26
57
47
47
39
39
20
26
41
44
58
14
14
66 66
66 66
71
30
30
30
63
23
67
67
66 66
66
9
34
48
48
64
24
24
38
10
51
24
58
24
55
55
14
14
66
69
69
1
1
0
0
0
30 5
30 5
26
26
64
64
22
22
52
52
66 66
66 66
10
45
45
45
38
38
21
21
51 51 23
51 51 23
66
66
45
45
45
14
14
57
57
37
20
20
29
41
58
25
31
61
66 66
55
64
64
66
66
52 63
52 63
36
36
66
63
66 66
9
19
19
22 22
22 22
23
48
48
48
68
68
54
66
66
66
66
43
43
43
53
53
12
12
12
22
58
58
0 71 22
14
14
44
44
66 66
14
14
28
28
27
27
27
41
41
41
1
1
66
69
66 66
66 66
66 66
36
36
20
20
20
69
20
0
0
66 66
8
66
66
42
42
42
39
39
0
0
66 66
66 66
66 66
23
23
47
35
57
57
21
7 7
7 7
43
43
9
9
33 33
31
31
62
58 58
58 58
66 66
53
53
15
15
21
21
55
55
66
66
20
59
59
59
48
69
69
69
5
5
31
53
53
54
64
57
54
14
14
24
24
41
8
8
26
26
13
13
47
47
69 69
69 69
56
41
41
66
66
66
36
36
36
66
49
70
70
71
70
70
14
14
14
55
66
66
63
17
17
5
5
5
5
29
10
10
67
67
66 66
58
14
10
10
10
63
63
17
17
4
70
70
48 48
66
17
17
17
46
20
19
66
66
18
57
34
34
34
21
21
62
62
31
60
60
70
42
42
42
31
31
66
53
53
53
5
69
22
22
13
20
68
68
66
66
66
24
21
21
63
69 69
69 69
69 69
38
8
8
70 9
70 9
43
43
59
59
59
28
34
34
34
66 66
66 66
62
38
36
36
16
16
34
34
33
28
63
63
63
69
69
1
1
63
63
66
66
62
54
54
66
66
66
66
69 69
69 69
69
20
7
7
36
1
1
42
42
42
58
1
1
25
25
66
66
69 20
21 18
21 18
69
69
0
0
19
20
69
66
69
47
47
47
34
34
34
35
35
53
43
43
43
69
27
17
16
11
11
9 66
9 66
66
21
34
24
48
48
47
46
66
66
46 30
68
66
66
66
66
5
5
20
71
53
53
69
69
42
53
61
69 69
69 69
16
16
21
63
49
49
56
56
67
67
71
71
20
4
44
36
23
23
66
66
49 49
49 49
46
46
46
66 66
20
20
4
4
4
14
39 39
39 39
55 68
47
47
0
0
41
41
20
20
20
27
27
43
43
69
66
66
5
5
37
37
37
16
66 66
36
36
70
11
4
4
4
31
31
31
40
40
40
40
9
66
66
9
9
42
49
49
62
56
56
56
69
69
67
67
67
37
37
10
27
27
0
0
0
43
43
34
34
42
16
29
66 66
66 66
9
35
63
63
63
9
59
59
48
48
13
13
62
62
62
62
62
45
18
18
0
0
29 29
29 29
62
62
60
69
69
4
4
69
69
53
53
7
12
12
69
69
24
24
12
44
44
19
19
19
23
66
66
66
25
25
63
63
40
55
55
45
45
33
10
10
10
68
20
20
31
34
34
34
16
16
25
25
69
22
67
67
39
39
51
20
38
44
44
55
40
62
62
27
27
27
2
57
57
69
69
69
71
69
69
70
68
68
30
14
58 58
17 17
17 17
51
51
31
31
55
48
66 33
16
16
16
16
16
28
68
68
57
69
69
69
20
20
20
47
47
21
21
58
58
58
20
32
32
40
40
4
4
12
50
50
6
10
10
49
63
63
66 66
66 66
7
7
18
58
58
58
1
1
36
36
36
24
24
39
34
54
55
55
14
14
58
58
14
14
69 23
69 23
27
27
61
61
61
32
32
29
29
66 66
66 66
51
22 41
55
55
22
33
33
66 66
32
32
32
47
47
33
33
66 66
66 66
20
20
63
63
63
59
59
21
71
71
30
27
27
69
27
22
28
28
13
13
46
43
43
12
49
69
69
21
30 44 28
30 44 28
57
20
33
20
7
37
37
40
27
42
42
42
38
38
38
38
66
66
58
58
37
37
35
35
9
54
3
3
3
0
0
69
69
58
58
49
49
52
52
52
43
6
6
8
69
69
38
38
31
20
9
9
67
67
35
70
68
68
24
55
55
31
31
57
22
66
66
13
34
34
69
69
66 66
68
43
43
43
19
19
42
42
12
2 15
1
21
21
40
40
69
69
69
65
65
29
54
54
20
20
66 66
66 66
21 18
39
69
37
37
61
36 66
36 66
36 66
24
24
34
34
19
19
19
4
69
37
37
24
24
24
29
39
39
27
27
31
31
39
39
8
8
1
23
23
29
29
53
69
69
45
20
20
34
34
34
16
63
63
63
20
26
26
26
26
49
31
12
12
12
16
52
52
55
55
22
22
68
69
69
71
20
20
20
29
30
30
30
39
4
4
70
27
12
12
52 20
52 20
47
47
47
36
20
57
61
43
60
60
42
22
69
26
26
26
36
69
10
10
9
9
59
59
18
30
23
23
69
22
20
69
69
20
20
20
20
20
20
7
7
7
19
19
70
11
23
40
40
51
9
31
24
31
31
48
40
40
40
50
50
8
70
10
10
10
13
13
0
69
46
62
62
8
8
8
66
8
8
8
20
20
20
20
20
31
63
63
47
8
8
14
20 67
20 67
67
67
67
69
58
22
69 69
69 69
69 69
56
56
56
50
50
39
39
37
37
47
47
12
12
40
20
20
20
69
69
69
13
37
37
59
59
59
65
65
30
30
36
36
20
1
1
63 62
63 62
63 62
43
43
43
70
70
31
31
38
18
18
66
8
69
69
21 18
21 18
49
52
66
53
53
23
42
40
40
20
20
29
29
28
28
54
54
53
20
20
20
28
28
49
63
47
4
4
36
20
20
69
69
20
20
43 70
37
6
9
40
40
63
63
63
57
57
17
17
33
33
14
70
17
20
31
31
24
7 7
10
10
10
0
0
0
0
23
28
24
2
10
12
51
11
11
12
47
66
66
27
21
21
28
31
31
31
31
14
14
14
33
24
46
46
13
13
13
37
37
22
51
51
51
0
0
70
1
19
19
29
29
69
69
69
31
31
17
32 69
58
58
66
4
4
55
55
71
64
45
45
45
68
20
38
8
68
68
68
62
62
67
54
54
20
20
69 22
56
56
7 19
7 19
14
14
14
1
66
66
27
53
53
10
10
62
32
32
32
44
44
11
46
24
24
51
51
69
4
61
61
61
43
43
43
28
56
56
71
21
14
14
67
67
66
19
19
24
24
63
23
23
43
16
16
18
66
66
49
49
41
50
71
35
35
1
68 5
68 5
63
63
63
59
59
59
12
12
22
7
7
7
41
20
20
59
59
47
47
3
3
24
24
24
68
68
69
69
20
20
41
69
66
17
17
11
40
40
12
12
20
20
20
4
4
19
19
59
59
54
47
47
47
70 70
70 70
42
8
69 66
69 66
67
67
20
20
20
45
45
19
64
69
69
22
22
49
49
49
10
10
10
30 44
6
4 4
4 4
46
46
69
69
55
40
40
66
66
64
56
56
56
24
37
64
46
46
27
27
17
17
17
69 69
12
12
12
55
55
64
21
69 69
20
67
67
10
29
29
69
23
41
27
27
22
22
22
22
22
69
69
29
29
29
14
14
69
0 69 66
0 69 66
38
38
19
66
20
20
34
34
59
31
0 66
0 66
26
10
52
8
8
7
57
57
36 20
5
5
50
50
67
69
69
29
23
17 17
17 17
42
57
55
61 69
61 69
69
70 9
68
68
67
67
33
30 30
30 30
20
20
44
14
14
35
45
4
1
52
52
68
68
8
8
54
29
29
29
24
24
24
69
69
14
14
14
10
10
41
41
9
9
29
29
23
47
17
17
30 5
30 5
69
32
32
69
69
69 66
63
63
29
29
69
34
34
25
25
48
48
45
66
66
23
23
0
0
0
69 66
48
48
71 22
59
59
59
38
38
38
41
0 0
0 0
70
47
47
57
5
26
55
62
62
66 13 66
66 13 66
33
39
67
67
52
52
69
69
34
6
4
4
4
8
8
61
61
63
63
23
40
59
69
69
8
8
8
66
66
20
20
69
69
67
67
67
67
67
67
13
13
13
66 66
66 66
40
69
69
30
30
10
26
36
36
11
11
69 69
69 69
14
14
67
67
67
25 22
25 22
5
5
66
66
32
32
32
26
26
20
31
31
26
26
5
54
54
50
50
6
6
66
66
12
12
12
17
17
17
20
20
60
60
69 69
69 69
69 69
69 69
41
48
48
18
69
69
54
54
44
44
71
71
44
44
22
69
5
5
69
16
10
10
1
69
69
43
10
33
9
9
53
66 66
50
50
69
69
48
11
56
56
12
12
69
69
45
63
63
34
25
25
31
31
31
31
37
37
38
38
38
7
27
8
8
52
52
46
46
19
19
54
54
66
2
2
14
33
33
64
13
52 52
52 52
69
16
7
7
36
44
7
66
20
20
63
41
31
31
31
47
66
19
19
29
71
4
4
57
10
10
37
16
36
36
51
66
66
43 20
46
46
28
28
28
67
67
13
13
13
9
9
43 20
32
32
67
67
33
33
1
6
6
6
66
30 5
30 5
36
37
37
39
8
8
29
56
60
60
69 69
60
25
25
52
52
55
3
3
69
69
66
66
19
19
21
45
45
45
56
56
37
42
42
46
64
69 69
60
60
60
13
52
52
69
69
8
8
69
69
69
36
20
20
61
27
27
54
54
69
20
20
27
27
50 69
50 69
69
69
69
32
32
32
41
8
8
8
50
50
21
69 66
69 66
69 66
63
63
69
69
42
68
68
68
19
19
30
64
64
64
8
8
44
44
20
20
47
47
26
61
1
1
1
41
41
24
68
20
69
69
41
38
14
14
8
54
54
54
58
0
71
71
71
7 7
7 7
66
19
19
66 66
29
59
2
2
2
25
25
68 5
68 5
68 5
46
46
61
66 66
44
44
19
19
19
33
48
48
20
20
20
35
35
66
50
50
11
11
37
37
37
26
69
13
13
54
63
69
69
69
45
45
45
69 69
69 69
45
45
14
14
25
25
25
19
19
18
18
18
37
37
9
9
9
6
6
35
35
35
53
32
34
34
70
70
31
33
33
2
48
48
48
48
12
35
35
71
71
20
8
8
64
27
27
24
20
20
20
41
41
40
40
38
7
7
47
47
69
69
69
69 69
67
67
1
69 69 66
34
34
42
42
57
66
66
66
48
48
69
37
37
1
1
1
23
23
23
62
62
63
63
32
32
67
25
25
3
3
62
69
69
11
11
11
59
48
48
48
69
69
69
1
12
12
16
70
70
37
5
12
12
0
0
41
58
53
53
20
20
54
48
48
48
41
28
28
23
29
31
31
18
18
18
27
19
25 57
25 57
20
20
49
49
21
21
69
69
20
30 28
31
31
64 50
8
8
7
7
37
37
37
7
7
6
56
29
66
66
69
32
64
64
32
3
3
1
62
62
27
27
56
56
51
53
53
1
1
1
14
14
19
19
33
33
12
12
32
14
14
66
66
29
59
59
68
20
69
69
69
69
19
19
19
69
21
21
66
5
27
27
20
20
20
53
53
69
69
16
16
16
20
20
37
37
2
2
2
57
21 18
0 66
0 66
20
20
53
53
13
10
20
20
13
20
20
36
36
14
14
65
65
5
5
5
46
64
26
1
1
69
69
41 41
38
38
37
35
35
69
69
69
27
27
27
42
42
42
50
50
34
65
65
50
50
50
58
58
54
54
30
62
62
54
63
63
40
40
41 69
2
68
22
22
45
45
69
40
40
37
18
18
55
55
10
10
53
68
68
63
42
42
26
66 66
66 66
36
36
36
47
47
47
21
21
21
40
40
24
55
61
61
60
60
27
27
24
14
14
40
34
58
30
30
30
21
67
5
5
12
12
54
61
61
40
24
24
24
13
47
12
12
37
37
34
4
62
23
19
4
59
59
59
32
32
26
52 69
52 69
39
69
11
11
69
1 8
69
69
47
23
69
69
47
47
55
55
48
48
48
22
20
20
37
37
37
47
47
69
69
69
69
41
41
13
68
68
7
33
10
10
64
64
43
43
43
43
37
57
57
54
52 66
52 66
23
23
46
46
59
59
36
66 66
66 66
52 52
52 52
61
45
45
66
66
2
36
36
66
69
69
53
53
12
17 17
17 17
69 69
69
69
67
67
37
37
51
63
4
4
0
0
0
67
70
20
20
32
32
51
51
51
11
32
32
32
66
69
56
58
69
20
52
36
62
62
62
63
63
14
14
69
69
54
52
52
69 69
66
17 17
17 17
17 17
67
67
39
39
53
53
56
51 66 23
51 66 23
45
7
31
66
30 28
20
24
56
43 20
43 20
43 20
69
69
52
52
69
69
36
36
36
56
56
23
23
20
20
17
17
7
7
8
16
13
46 33
46 33
21
16 1
16 1
54 66
54 66
8
69 66 69
69 66 69
62
62
62
68
68
36
36
31
31
46
46
2
2
2
28
28
36
36
40
40
24
24
67
67
67
68
68
68
36
36
69
69
24
24
20
41 41
32
32
0
0
0
14
14
44
44
53
66
66
4
4
28
53
53
10
10
29
29
0
0
1
1
1
45
70
70
31
21
14
14
30 28
30 28
30 28
33
33
45
2
2
48
48
69 69
38
38
43
69
69
69
12
69 69
69 69
36
36
4
4
61
67
67
18
17
17
17
64
65
0
0
39
39
66
66
66
4
69 69
67
67
32
32
32
32
32
67
39
9
9
9
60
5
5
40
40
1
1
63
63
3
3
41
8
8
18
18
52
52
66 66
66 66
66 66
63
63
69
20
20
20
22 22
22 22
22 22
57
57
32 69
27
27
35
35
7
7
48
48
9
60
60
51
51
69
34
70
70
70
70
69
29
29
29
41
64
28
28
4
4
71 22
71 22
22
22
14
14
36
36
40
40
31
31
52
52
52
63
63
26
36
36
36
36
36
36
71
22
53
1
62
62
8
69
52
54
54
0 61
0 61
11
67 20
67 20
45
45
67
67
40
40
66
66
51
58
58
36
36
36
36
29
29
9
9
70
43
43
43
29
29
40
40
37
37
37
33
43
43
37
69
69
69 69
69 69
1
1
20
20
20
19
19
29
8
59
59
20
66 69
43
43
43
18
18
30
30
7
24
24
69
69
20
20
0
44
69
18
20
27
46
46
69
69
20
20
21
21
21
14
14
10
10
63
63
61 66
31
31
50
50
22
69
31
31
55
26
66
55
32
63
38
38
38
38
38
54
54
59
59
59
20
20
33
40
50
7 7
51
51
48
19
19
10
71
65
65
65
28
20
20
33
33
33
0
0
56
14
14
43 20
5 28
5 30 28
5 30 28
30
30
43
69 69
56
56
63
63
63
47
47
43
43
69
18
18
47
47
47
17
12
12
69
12
66 69
43
60
60
13
66
66
1
1
1
47
10 34
10 34
37
37
37
18
12
12
12
12
61
61
20
20
69
69
66 66 66
66 66 66
66 66
66 66
61
9
9
39
39
68
56
56
10
10
10
56
57
57
12
12
12
41
69 66
69 66
16
16
14
14
41
41
32
32
16
18
69
69
69 69 66
61
61
4
4
48
48
70
69
69
14
14
43
43
43
69 69
69 69
45
45
50
50
40
66
37
37
58
58
58
40
43 66
43 66
43 66
38
38
20
20
12
46
56
56
56
53
53
20
43
43
63
63
38
20
22
22
69
69
48
29
29
34
6
20
20
69
69
69
26
69
69
69
69
69
30
30
16
42
42
33
23
27
27
53
68
68
53
27
66
69
69
18
18
66
66
16
16
16
23
23
16
16
16
16
69
69
44
44
17 17
69
16 23 66 61
16 23 66 61
61 66
46
38
38
67 66
67 66
42
42
42
42
42
28
54
54
54
69
69
69
5
5
64
56
56
56
34
34
34
53
69
69
44
34
24
18
18
44
44
45
45
66 66
66 66
36
36
45
45
0
69
69
13
13
69 66
69
69
66 66
25
25
20
20
20
36
36
32
8
20
20
20
14
14
14
61
9
9
69
69
31
69 69
69 69
16
16
42
54
62
62
68
9
9
44
14
14
41
41
41
41 69
16
68
68
69
11
12
12
7
7
54
54
10
10
40
69
17
68
68
39
39
56
0
0
69
69
24
29
20 53
20 53
61
53
53
27
46
67
0
0
0
54
66 66 66
66 66 66
32
32
16
19
69
43
27
31
31
31
50
21
33
18
18
12
12
29
70
70
71
71
8
8
51
33 66
33 66
33 66
48
21
42
57
57
9
9
44
44
31
31
59
59
36
36
36
32
8
8
46
42
42
53
53
71
57
42
42
48
48
43
44
44
44
26
13
13
13
1
1
2
2
19
19
34
45
14
62
62
49
49
22
69
69
11
47
47
47
58
57
57
57
58
58
2
64
64
64
29
29
15
15
69
69
69
20
20
42
42
69
18
69
69
41
62
62
1
62
62
12
12
69
69
56
56
50
50
50
24
50
1
1
1
62
62
33
38
38
10
5
68
68
68
36
36
32
53
53
59
59
19
37
37
27
27
66 66
32
32
13
21
21
43
43
43
43
43
43
16
16
40
13
66
36
36
54
1
1
1
13
13
69
69
69
38
38
62
62
45
45
63
69
44
44
8
8
29
29
53
53
29
29
27
27
27
42
42
42
20
63
63
63
14
14
14
68
68
66 69 66
53
53
53
29
37
37
29
29
29
29
55 55
1
1
3
3
23
23
36
54
54
54
55
55
21
19
19
19
4
4
34
34
66
66
66
52
52
52
61
56
47
47
71
12
4
69
69
53
53
45
32
32
47
47
47
24
52
52
67
67
12
12
22 33
22 33
22 33
53
55
45
45
53
53
59
59
5
5
37
37
70
70
69 69
69 69
56
10
10
25
50
53
53
25
25
29
29
42
42
66
41
41
55
36
1
66
32
32
20
26
20
28
28
61
38
38
0 66 66
0 66 66
11
11
1
1
34
34
69
69
69
45
45
45
45
45
68
68
71
71
10
66
23
69 69
5
5
58
58
1
13
13
58
39
39
39
57
2
11
21
21
14
14
20
37
37
10
56
21
52
52
53
53
53
43
43
49
68
68
68
63
63
5 30 28
5 30 28
26
26
26
24
24
44
44
24
24
23
23
70
70
6
6
47
6
6
31
43
43
42
6
52
52
52
26
70
70
29
29
29
29
61
11
62
62
64
64
32
32
32
45
45
57
38
34
34
34
35
39
70
61
61
69
51 66 66 23
32
32
70
67
67
45
45
40
14
14
14
42
42
42
34
34
71
44
57
57
36 69
62
0 71
0 71
36
36
50
60
51 23
26
26
54
0
0
46
46
63
63
66
66
51
50
50
21
21
52
52
52
66 66
66 66
69
45
45
47
47
55
55
55
9
9
39
39
29
29
66
66
53
41
20
31
31
31
5
5
36 0
36 0
22
22
3
3
32
59
59
59
1
66
69
69
69
66 16
7
7
68 68
68 68
68 68
0
6
29
29
45
45
69 69
69 69
22
22
52
52
12
12
28
42
32
32
32
29
29
29
30
71
71
51
48
66 23
53
53
69
69
26
26
69
49
49
43
68 68 5
20 20
20 20
17
69
69
69
69
0 66
15
15
69
69
31
31
17
64
64
64
64
26
52 66 66
52 66 66
52 66 66
21
21
21
16
31
31
5
5
5
51
66 66
64
16
33
22
22
54
54
54
66 66
66 66
39
62
62
55
7
40
48
22
22
42
42
59
59
47
47
20
20
20
45
45
59
43
66 66 23
66 66 23
49
49
49
68
68
68
69
41
41
41
34
34
53
9
10
10
10
66
66
0 66
0 66
29
29
28
59
59
59
47
20
20
20
18
18
38
46
46
46
50
53
53
66
66
69
69
55
4
4
18
47
6
6
27
18
18
52
53
31
63
66
31
55
21
21
8
8
12
12
21
22
70
29
29
29
30
30
30
27
27
29
29
56
36
53
53
7 7
66
66
11 38 2
69
69
69
32
21
21
20
8
8
8
27
27
42
1
1
68
68
42
42
5
0 0
57
57
22
29
29
53
37
7
7
16
69 66
69 66
1 26
1 26
69
69
69
54
8
42
42
21
21
45
20
44
44
44
43
43
11
11
44
44
44
19
24
24
69 66
19
29
29
33
56
56
56
44
44
69
69
69
48
48
41
41
41
41
41
42
42
49
49
22
69
44
45
45
19
19
9
62
44
44
44
44
27
20
20
46
46
13
13
46
44
0 66
26
62
62
63
63
70
66
66
66
58
58
58
69
69
69 66
33
33
62
25
4
57
59
59
36
25
25
69
70
70
7
52
52
48
48
62
62
66 66
66 66
20
62
65
65
28
32
32
33
33
70
7 7
48
48
71
71
42
36
36
43
66 66 66 66
66 66 66 66
66 66 66 66
63
51
51
63
33
14
69
69
69
69
69
29
29
9
9
30 28
30 28
36
66
53
53
67
67
67
7
31
62
62
62
62
56
43
43 20
43 20
1
2
61 1
61 1
69 69 66
69 69 66
69
9
9
14
14
14
11
11
47
47
43
43
36
36
55
55
40
45
45
69
69
65
65
65
12
12
38
33
66
66
16
16
4
4
57
57
46
46
32
24
24
24
37
26
34
34
17
68
68
43
43
6
6
20
62
8
8
20
20
20
53
53
64
64
47
7
53
45
50
50
52
52
39
61 58
61 58
61 58
63
63
63
9
70
70
42
42
41
69
69
66 66
66 66
43
43
50
50
50
52 66
52 66
0
16
51
51
63
63
61
61
6
6
49
49
71
71
32
32
22
2
54 69
26
18
18
66
66
66
12
12
12
9
9
1
1
48
48
48
66 66
66 66
19
19
19
48
48
48
56
67
44
44
29
69
43
69
27
27
62
62
21 18
21 18
21 18
66
66
9
9
9
36
63
34
55
30
30
71
34
34
55
67
46
46
57
57
61 20
61 20
22
42
42
43 66
66 66
60
70
70
55
55
66
66
69
42
33
33
61
30 28
30 28
20
20
20
32
32
43
66 66 66
35
35
58
58
34
34
8
8
6
6
66
58
58
58
23
23
12
12
26
26
43
41
63
63
16
16
39
39
70
62
62
62
67
67
47
47
58
58
58
65
65
67
0
0
0
38
38
38
69
25
53
53
53
47
47
47
47
47
70
70
70
50
50
50
38
38
38
20
20
20
69
2
2
2
4
4
61
20
51
51
27
27
36
14
14
14
14
51
66
66
11
11
4 23
69
20
20
27
27
12
28
28
64
64
69 69
69 69
27
27
7
49
50
29
29
8
8
62
62
24
69
17
66
23
69 69
1
1
55
55
46
46
63
63
9
9
31
31
20
64
64
51
0
27
27
36
36
68
7
68
68
68
10
10
10
21 18
37
56
56
26
40
34
34
34
36
45
69
69
69
69
69
69
69
69
69
69
16
16
9
9
9
36
36
54
20
20
69 69
69 69
0
0
55
55
44
44
33
21
69
69
20
56
56
56
18
8
8
43
43
32
32
61
61
10
10
40
40
21
69
69
56
56
24
12
12
22
22
43
43
14
16
16
17
17
43
43
68 5
68 5
68 5
57
48
48
6
6
8
31
31
35
35
35
1
48
48
56
56
48
48
6
51 66 66 23
57
57
14
16
64 64
29
29
29
24
10
10
10
64
64
69
69
16
16
16
49
49
42
70
20
51
8
66 20
66 20
69 66
69 66
32
20
20
8
8
66
39
39
53
53
69
69
35
35
51
36
36
36
19
19
12
49
49
41
17
37
37
37
39
37
42
42
13
13
14
14
67
45
20
20
32
56
56
59
59
40
16
16
67
67
17
19
19
34
34
34
53
53
53
48
47
47
19 20
19 20
66
66
1
1
20
7
7
10
10
35
35
35
53
27
27
55
54
41 5
13
43
43
20
20
20
27
27
27
69
12
66 66
66 66
66 66
13
13
22
34
51 51
51 51
57
14
14
20
20
20
44
44
44
49
49
21
21
21
69 66
7
7
7
69
69
69
19
4
4
64
48
48
57
57
55
7
7
4
69
69
69
62
62
60
39
20 20
20 20
68
20
20
26
45 70
34
34
34
7
69 69
69 69
69 69
69
69
2
45
45
49
49
55
55
66
66
64
64
20
20
20
21
21
67
29
20
28
20
20
63
63
53
53
38
0
0
39
10
33
20
20
22
51
17
17
17
68 5
24
38
26
26
26
1
58
58
8
8
69 69
69 69
52
49
49
42
20
19
19
41
41
55
55
22
16
14
27
27
38
62
62
24
24
24
69
69
56
56
17
17
0 0
0 0
5
47
47
33
33
66
66
54
54
63
63
69
21
21
31
19
51 66 66 23
51 66 66 23
69
54
55
55
51
45
45
45
44
44
20
20
20
22
46 66
46 66
62
62
62
27
27
27
34
34
34
44
44
44
49
69
9
9
42
42
54
54
19
34
5
70
70
25
25
25
25
36
36
36
35 35
29
69
69
40
40
47
47
69
61
7
66 66
66 66
5
5
5
69
69
48
49
26
26
40
3
13
13
2
6 41
20
20
66
0
25
25
25
61 39
70
70
37
26
26
26
40
8
8
56
56
45
20
20
14
14
69 69
69
69
1
1
33
67 20
12
9
9
21
21
14
14
59
59
54
54
54
17
17
17
61 53 34
33
69 69
64
17
55
31
31
65
65
0 66
0 66
0 66
10
10
2
2
55
55
69 69
69 69
20
20
52
52
20
13
13
45
50
34
34
34
26
20
20
20
46
46
32
63
63
69
69
69
29
66 66
66 66
18
29
29
29
29
29
40
40
41
41
7 7
7 7
7 7
33
31
31
34
52
27
14
1
37
48
30 5
30 5
39
39
34
34
34
67
13
13
50
37
37
26
61 66
56
56
56
68
68
23
42
42
7 7
9
9
9
37
3
3
4
4
5
46
57
57
41
6
6
34
34
41
41
4
4
69
69
45
45
45
62
62
61
51
51
59
59
30 30
12
9
9
1
29
29
0 71
63
28
55
55
55
55
55
55
55
55
55
55
55
55
55
55
55
55
55
55
55
55
55
55
55
55
55
55
55
55
55
55
55
55
55
55
55
55
55
55
55
55
55
55
55
55
55
47
47
23
23
23
23
23
23
23
56
56
56
56
56
56
56
56
64
64
64
64
64
46
46
46
46
46
46
14
14
14
14
14
14
14
14
14
14
14
14
14
14
14
14
14
66
66
66
66
66
66
66
66
66
66
66
66
66
66
66
66
66
66
66
9
9
11
11
42
42
42
42
42
42
42
42
42
42
42
42
42
42
42
42
42
42
42
42
42
42
42
42
42
42
42
42
42
42
42
15
15
15
15
15
15
15
15
15
15
15
15
15
71
71
71
71
71
71
71
71
71
71
71
71
71
71
71
71
71
71
71
71
71
71
71
71
71
71
71
71
71
71
71
71
71
71
68
68
68
27
27
27
27
27
27
27
27
27
27
27
27
27
27
27
65
65
18
6
6
6
6
6
6
6
6
6
6
6
6
6
6
6
6
6
6
6
6
6
6
6
6
6
6
6
6
6
6
6
6
6
6
6
6
6
6
6
6
6
6
6
6
6
6
6
6
6
6
6
6
6
6
6
6
6
6
6
6
6
6
6
6
6
6
6
6
6
6
6
6
6
6
6
6
6
6
6
6
6
6
6
6
6
6
6
6
6
6
6
6
6
6
6
6
6
6
6
6
6
6
6
35
35
35
35
35
35
35
35
35
35
35
35
35
35
35
35
35
35
35
35
35
35
35
35
35
35
35
35
35
35
35
35
35
35
21
21
21
21
38
38
38
38
38
38
38
38
38
38
38
0
0
0
0
0
0
0
0
0
0
0
0
0
0
0
0
0
0
0
0
0
0
0
0
0
0
0
0
52
52
52
52
52
52
52
52
52
52
52
52
52
52
52
52
52
52
52
52
52
52
52
52
52
52
52
52
52
52
52
52
52
52
52
52
52
52
52
52
52
52
52
52
52
52
52
52
52
52
52
24
24
24
24
24
24
24
24
24
24
24
24
24
24
24
24
24
24
24
24
24
24
24
24
24
24
24
24
24
19
19
19
41
41
41
41
41
41
41
41
41
41
41
41
41
41
41
41
41
41
41
41
41
41
41
41
41
41
41
41
41
41
41
41
41
41
41
41
41
41
41
41
41
41
41
41
41
41
41
41
41
41
41
41
41
41
41
41
41
41
41
41
41
41
41
41
41
41
41
41
41
41
41
41
41
41
41
41
41
41
41
41
41
41
41
41
41
41
41
41
41
41
41
41
41
41
41
41
41
41
41
41
41
41
41
41
40
16
16
16
16
16
5
5
5
5
39
39
39
39
39
39
39
39
39
39
39
39
39
39
44
44
44
44
44
44
44
44
44
44
44
44
17
17
17
17
17
17
17
17
17
17
17
17
17
17
17
17
17
17
17
17
17
17
17
17
17
17
17
17
17
17
17
17
17
17
17
17
17
17
17
17
17
17
17
17
17
17
17
17
17
17
17
17
17
17
17
17
17
17
37
37
37
13
13
13
13
13
13
13
13
13
13
13
13
13
22
22
22
22
22
22
22
22
22
22
45
45
45
45
45
45
45
45
45
45
45
45
45
45
45
45
45
45
45
45
45
45
45
25
25
25
25
25
25
25
25
25
25
8
8
8
8
8
8
8
8
8
8
8
8
8
8
2
2
2
2
2
2
2
2
2
2
2
49
49
49
49
49
49
49
49
49
49
49
49
49
49
49
49
49
49
54
54
54
54
60
60
60
60
60
60
60
60
60
60
60
60
60
60
60
60
60
60
60
60
60
60
60
60
60
60
60
60
60
60
60
60
60
36
36
36
36
36
36
36
36
36
36
36
36
36
36
10
1
1
1
1
1
1
1
1
1
1
1
51
51
51
51
51
51
51
51
51
51
51
51
51
51
51
51
51
51
20
20
20
20
20
20
59
59
59
48
48
48
3
3
3
3
3
3
3
3
3
3
3
12
12
33
33
33
33
33
4
4
4
4
4
4
4
4
4
4
4
26
26
26
26
26
26
26
26
26
26
26
26
26
26
28
28
29
29
29
29
29
29
29
29
67
67
67
70
70
70
62
62
62
62
62
62
62
62
62
62
62
62
62
62
62
62
62
62
62
62
62
62
62
62
62
62
62
62
62
62
62
62
62
58
58
58
58
58
58
58
58
58
58
58
58
58
58
58
58
58
58
58
58
58
58
58
58
58
57
57
57
57
57
57
7
7
7
7
7
7
7
7
7
7
7
7
43
43
43
43
43
43
43
43
43
43
43
43
43
43
43
43
43
43
50
50
50
50
50
50
50
50
50
50
50
50
50
50
50
50
50
50
50
50
50
50
50
50
50
50
50
50
50
50
50
50
31
31
31
31
31
30
30
30
30
30
30
30
53
53
32
32
32
32
63
63
63
63
63
63
63
61
61
61
61
61
61
34
34
34
34
34
69
69
69
69
69
69
69
69
69
69
69
69
69
69
69
69
69
69
69
69
69
69
69
69
