55
55
55
55
55
55
55
55
55
55
55
55
55
55
55
55
55
55
55
55
55
55
55
55
55
55
55
55
55
55
55
55
55
55
55
55
55
55
55
55
55
55
55
55
55
47
47
23
23
23
23
23
23
23
56
56
56
56
56
56
56
56
64
64
64
64
64
46
46
46
46
46
46
14
14
14
14
14
14
14
14
14
14
14
14
14
14
14
14
14
66
66
66
66
66
66
66
66
66
66
66
66
66
66
66
66
66
66
66
9
9
11
11
42
42
42
42
42
42
42
42
42
42
42
42
42
42
42
42
42
42
42
42
42
42
42
42
42
42
42
42
42
42
42
15
15
15
15
15
15
15
15
15
15
15
15
15
71
71
71
71
71
71
71
71
71
71
71
71
71
71
71
71
71
71
71
71
71
71
71
71
71
71
71
71
71
71
71
71
71
71
68
68
68
27
27
27
27
27
27
27
27
27
27
27
27
27
27
27
65
65
18
6
6
6
6
6
6
6
6
6
6
6
6
6
6
6
6
6
6
6
6
6
6
6
6
6
6
6
6
6
6
6
6
6
6
6
6
6
6
6
6
6
6
6
6
6
6
6
6
6
6
6
6
6
6
6
6
6
6
6
6
6
6
6
6
6
6
6
6
6
6
6
6
6
6
6
6
6
6
6
6
6
6
6
6
6
6
6
6
6
6
6
6
6
6
6
6
6
6
6
6
6
6
6
35
35
35
35
35
35
35
35
35
35
35
35
35
35
35
35
35
35
35
35
35
35
35
35
35
35
35
35
35
35
35
35
35
35
21
21
21
21
38
38
38
38
38
38
38
38
38
38
38
0
0
0
0
0
0
0
0
0
0
0
0
0
0
0
0
0
0
0
0
0
0
0
0
0
0
0
0
52
52
52
52
52
52
52
52
52
52
52
52
52
52
52
52
52
52
52
52
52
52
52
52
52
52
52
52
52
52
52
52
52
52
52
52
52
52
52
52
52
52
52
52
52
52
52
52
52
52
52
24
24
24
24
24
24
24
24
24
24
24
24
24
24
24
24
24
24
24
24
24
24
24
24
24
24
24
24
24
19
19
19
41
41
41
41
41
41
41
41
41
41
41
41
41
41
41
41
41
41
41
41
41
41
41
41
41
41
41
41
41
41
41
41
41
41
41
41
41
41
41
41
41
41
41
41
41
41
41
41
41
41
41
41
41
41
41
41
41
41
41
41
41
41
41
41
41
41
41
41
41
41
41
41
41
41
41
41
41
41
41
41
41
41
41
41
41
41
41
41
41
41
41
41
41
41
41
41
41
41
41
41
41
41
41
41
40
16
16
16
16
16
5
5
5
5
39
39
39
39
39
39
39
39
39
39
39
39
39
39
44
44
44
44
44
44
44
44
44
44
44
44
17
17
17
17
17
17
17
17
17
17
17
17
17
17
17
17
17
17
17
17
17
17
17
17
17
17
17
17
17
17
17
17
17
17
17
17
17
17
17
17
17
17
17
17
17
17
17
17
17
17
17
17
17
17
17
17
17
17
37
37
37
13
13
13
13
13
13
13
13
13
13
13
13
13
22
22
22
22
22
22
22
22
22
22
45
45
45
45
45
45
45
45
45
45
45
45
45
45
45
45
45
45
45
45
45
45
45
25
25
25
25
25
25
25
25
25
25
8
8
8
8
8
8
8
8
8
8
8
8
8
8
2
2
2
2
2
2
2
2
2
2
2
49
49
49
49
49
49
49
49
49
49
49
49
49
49
49
49
49
49
54
54
54
54
60
60
60
60
60
60
60
60
60
60
60
60
60
60
60
60
60
60
60
60
60
60
60
60
60
60
60
60
60
60
60
60
60
36
36
36
36
36
36
36
36
36
36
36
36
36
36
10
1
1
1
1
1
1
1
1
1
1
1
51
51
51
51
51
51
51
51
51
51
51
51
51
51
51
51
51
51
20
20
20
20
20
20
59
59
59
48
48
48
3
3
3
3
3
3
3
3
3
3
3
12
12
33
33
33
33
33
4
4
4
4
4
4
4
4
4
4
4
26
26
26
26
26
26
26
26
26
26
26
26
26
26
28
28
29
29
29
29
29
29
29
29
67
67
67
70
70
70
62
62
62
62
62
62
62
62
62
62
62
62
62
62
62
62
62
62
62
62
62
62
62
62
62
62
62
62
62
62
62
62
62
58
58
58
58
58
58
58
58
58
58
58
58
58
58
58
58
58
58
58
58
58
58
58
58
58
57
57
57
57
57
57
7
7
7
7
7
7
7
7
7
7
7
7
43
43
43
43
43
43
43
43
43
43
43
43
43
43
43
43
43
43
50
50
50
50
50
50
50
50
50
50
50
50
50
50
50
50
50
50
50
50
50
50
50
50
50
50
50
50
50
50
50
50
31
31
31
31
31
30
30
30
30
30
30
30
53
53
32
32
32
32
63
63
63
63
63
63
63
61
61
61
61
61
61
34
34
34
34
34
69
69
69
69
69
69
69
69
69
69
69
69
69
69
69
69
69
69
69
69
69
69
69
69
